2.000       202
2.020       198
2.040       199
2.060       205
2.080       197
2.100       211
2.120       217
2.140       187
2.160       187
2.180       197
2.200       186
2.220       182
2.240       198
2.260       203
2.280       198
2.300       196
2.320       202
2.340       205
2.360       197
2.380       198
2.400       203
2.420       203
2.440       190
2.460       178
2.480       193
2.500       201
2.520       207
2.540       200
2.560       192
2.580       213
2.600       218
2.620       206
2.640       207
2.660       197
2.680       199
2.700       215
2.720       217
2.740       200
2.760       185
2.780       200
2.800       218
2.820       228
2.840       230
2.860       223
2.880       212
2.900       204
2.920       205
2.940       218
2.960       221
2.980       214
3.000       212
3.020       243
3.040       264
3.060       248
3.080       243
3.100       257
3.120       260
3.140       243
3.160       229
3.180       238
3.200       237
3.220       225
3.240       218
3.260       204
3.280       208
3.300       215
3.320       203
3.340       199
3.360       214
3.380       209
3.400       202
3.420       208
3.440       217
3.460       218
3.480       209
3.500       208
3.520       204
3.540       188
3.560       175
3.580       173
3.600       170
3.620       168
3.640       172
3.660       168
3.680       178
3.700       178
3.720       172
3.740       173
3.760       158
3.780       169
3.800       182
3.820       163
3.840       167
3.860       175
3.880       178
3.900       166
3.920       167
3.940       185
3.960       175
3.980       167
4.000       171
4.020       171
4.040       162
4.060       169
4.080       170
4.100       155
4.120       155
4.140       173
4.160       172
4.180       166
4.200       175
4.220       168
4.240       173
4.260       183
4.280       175
4.300       166
4.320       163
4.340       168
4.360       165
4.380       163
4.400       165
4.420       167
4.440       172
4.460       173
4.480       163
4.500       165
4.520       175
4.540       167
4.560       168
4.580       173
4.600       168
4.620       167
4.640       169
4.660       165
4.680       153
4.700       163
4.720       165
4.740       157
4.760       158
4.780       163
4.800       170
4.820       168
4.840       173
4.860       165
4.880       150
4.900       152
4.920       148
4.940       142
4.960       152
4.980       175
5.000       172
5.020       156
5.040       164
5.060       165
5.080       165
5.100       161
5.120       162
5.140       158
5.160       167
5.180       170
5.200       162
5.220       163
5.240       148
5.260       152
5.280       158
5.300       158
5.320       167
5.340       158
5.360       150
5.380       160
5.400       174
5.420       178
5.440       168
5.460       151
5.480       141
5.500       157
5.520       166
5.540       160
5.560       173
5.580       177
5.600       159
5.620       152
5.640       160
5.660       149
5.680       143
5.700       157
5.720       150
5.740       152
5.760       158
5.780       153
5.800       147
5.820       147
5.840       153
5.860       162
5.880       168
5.900       157
5.920       158
5.940       167
5.960       154
5.980       150
6.000       148
6.020       155
6.040       153
6.060       138
6.080       155
6.100       158
6.120       148
6.140       149
6.160       153
6.180       152
6.200       153
6.220       152
6.240       150
6.260       157
6.280       155
6.300       144
6.320       148
6.340       158
6.360       153
6.380       148
6.400       157
6.420       158
6.440       150
6.460       165
6.480       174
6.500       167
6.520       162
6.540       158
6.560       148
6.580       153
6.600       160
6.620       160
6.640       158
6.660       148
6.680       148
6.700       153
6.720       167
6.740       167
6.760       148
6.780       143
6.800       147
6.820       148
6.840       148
6.860       124
6.880       118
6.900       143
6.920       142
6.940       133
6.960       148
6.980       161
7.000       152
7.020       142
7.040       148
7.060       152
7.080       150
7.100       142
7.120       142
7.140       145
7.160       143
7.180       145
7.200       143
7.220       146
7.240       165
7.260       153
7.280       133
7.300       147
7.320       149
7.340       145
7.360       152
7.380       151
7.400       145
7.420       145
7.440       141
7.460       135
7.480       138
7.500       147
7.520       145
7.540       153
7.560       161
7.580       150
7.600       150
7.620       160
7.640       170
7.660       155
7.680       132
7.700       138
7.720       145
7.740       146
7.760       135
7.780       140
7.800       148
7.820       144
7.840       148
7.860       149
7.880       147
7.900       147
7.920       143
7.940       134
7.960       143
7.980       155
8.000       147
8.020       141
8.040       148
8.060       147
8.080       148
8.100       142
8.120       141
8.140       148
8.160       139
8.180       147
8.200       148
8.220       147
8.240       145
8.260       145
8.280       143
8.300       137
8.320       136
8.340       143
8.360       147
8.380       150
8.400       153
8.420       155
8.440       154
8.460       147
8.480       143
8.500       148
8.520       157
8.540       145
8.560       147
8.580       163
8.600       155
8.620       145
8.640       152
8.660       151
8.680       147
8.700       138
8.720       133
8.740       145
8.760       156
8.780       155
8.800       152
8.820       148
8.840       142
8.860       138
8.880       143
8.900       141
8.920       130
8.940       135
8.960       158
8.980       179
9.000       171
9.020       151
9.040       143
9.060       157
9.080       157
9.100       153
9.120       151
9.140       140
9.160       149
9.180       155
9.200       164
9.220       153
9.240       127
9.260       125
9.280       135
9.300       148
9.320       140
9.340       143
9.360       146
9.380       140
9.400       152
9.420       148
9.440       138
9.460       140
9.480       150
9.500       158
9.520       148
9.540       148
9.560       150
9.580       140
9.600       147
9.620       142
9.640       140
9.660       150
9.680       147
9.700       152
9.720       148
9.740       144
9.760       150
9.780       142
9.800       143
9.820       143
9.840       136
9.860       153
9.880       167
9.900       158
9.920       149
9.940       153
9.960       145
9.980       143
10.000       153
10.020       147
10.040       147
10.060       154
10.080       159
10.100       158
10.120       160
10.140       157
10.160       158
10.180       158
10.200       162
10.220       167
10.240       152
10.260       148
10.280       168
10.300       166
10.320       149
10.340       165
10.360       172
10.380       160
10.400       152
10.420       153
10.440       153
10.460       157
10.480       163
10.500       172
10.520       168
10.540       167
10.560       175
10.580       165
10.600       163
10.620       165
10.640       167
10.660       159
10.680       155
10.700       167
10.720       171
10.740       163
10.760       160
10.780       172
10.800       160
10.820       163
10.840       167
10.860       142
10.880       130
10.900       144
10.920       153
10.940       152
10.960       153
10.980       153
11.000       162
11.020       155
11.040       155
11.060       167
11.080       162
11.100       150
11.120       155
11.140       173
11.160       168
11.180       160
11.200       163
11.220       160
11.240       174
11.260       168
11.280       163
11.300       170
11.320       169
11.340       168
11.360       156
11.380       153
11.400       158
11.420       163
11.440       163
11.460       173
11.480       170
11.500       172
11.520       172
11.540       150
11.560       165
11.580       182
11.600       178
11.620       178
11.640       182
11.660       183
11.680       181
11.700       180
11.720       165
11.740       167
11.760       178
11.780       181
11.800       188
11.820       182
11.840       172
11.860       178
11.880       182
11.900       181
11.920       185
11.940       185
11.960       180
11.980       188
12.000       202
12.020       192
12.040       188
12.060       197
12.080       190
12.100       193
12.120       200
12.140       190
12.160       188
12.180       203
12.200       206
12.220       203
12.240       217
12.260       225
12.280       212
12.300       205
12.320       216
12.340       235
12.360       227
12.380       218
12.400       239
12.420       238
12.440       229
12.460       225
12.480       218
12.500       224
12.520       232
12.540       227
12.560       226
12.580       224
12.600       197
12.620       193
12.640       208
12.660       211
12.680       212
12.700       205
12.720       203
12.740       198
12.760       200
12.780       213
12.800       215
12.820       207
12.840       197
12.860       196
12.880       202
12.900       198
12.920       202
12.940       220
12.960       217
12.980       208
13.000       206
13.020       192
13.040       198
13.060       208
13.080       203
13.100       218
13.120       213
13.140       215
13.160       223
13.180       220
13.200       227
13.220       215
13.240       213
13.260       222
13.280       228
13.300       230
13.320       223
13.340       223
13.360       210
13.380       223
13.400       222
13.420       213
13.440       218
13.460       213
13.480       218
13.500       223
13.520       225
13.540       227
13.560       222
13.580       217
13.600       228
13.620       238
13.640       232
13.660       230
13.680       236
13.700       238
13.720       267
13.740       271
13.760       250
13.780       245
13.800       248
13.820       252
13.840       239
13.860       251
13.880       257
13.900       247
13.920       257
13.940       244
13.960       242
13.980       263
14.000       273
14.020       265
14.040       252
14.060       252
14.080       252
14.100       256
14.120       255
14.140       251
14.160       272
14.180       270
14.200       272
14.220       270
14.240       257
14.260       262
14.280       271
14.300       283
14.320       278
14.340       270
14.360       279
14.380       283
14.400       269
14.420       275
14.440       290
14.460       277
14.480       287
14.500       295
14.520       280
14.540       293
14.560       309
14.580       303
14.600       303
14.620       305
14.640       292
14.660       293
14.680       296
14.700       300
14.720       318
14.740       308
14.760       302
14.780       308
14.800       317
14.820       315
14.840       298
14.860       298
14.880       293
14.900       288
14.920       308
14.940       326
14.960       327
14.980       343
15.000       353
15.020       344
15.040       340
15.060       333
15.080       325
15.100       324
15.120       333
15.140       328
15.160       338
15.180       355
15.200       347
15.220       344
15.240       347
15.260       364
15.280       367
15.300       358
15.320       370
15.340       365
15.360       365
15.380       370
15.400       364
15.420       362
15.440       362
15.460       365
15.480       350
15.500       347
15.520       358
15.540       358
15.560       379
15.580       400
15.600       387
15.620       392
15.640       385
15.660       388
15.680       387
15.700       385
15.720       408
15.740       402
15.760       393
15.780       394
15.800       402
15.820       397
15.840       413
15.860       432
15.880       415
15.900       408
15.920       398
15.940       408
15.960       413
15.980       405
16.000       432
16.020       443
16.040       434
16.060       437
16.080       432
16.100       439
16.120       456
16.140       451
16.160       470
16.180       460
16.200       438
16.220       450
16.240       450
16.260       438
16.280       448
16.300       458
16.320       457
16.340       472
16.360       487
16.380       485
16.400       463
16.420       475
16.440       498
16.460       470
16.480       463
16.500       470
16.520       485
16.540       487
16.560       492
16.580       508
16.600       503
16.620       492
16.640       513
16.660       550
16.680       532
16.700       510
16.720       515
16.740       527
16.760       512
16.780       506
16.800       493
16.820       487
16.840       510
16.860       504
16.880       480
16.900       485
16.920       512
16.940       524
16.960       552
16.980       554
17.000       523
17.020       523
17.040       533
17.060       548
17.080       551
17.100       548
17.120       552
17.140       553
17.160       552
17.180       542
17.200       538
17.220       558
17.240       596
17.260       597
17.280       569
17.300       540
17.320       550
17.340       567
17.360       555
17.380       570
17.400       567
17.420       545
17.440       550
17.460       583
17.480       598
17.500       577
17.520       573
17.540       575
17.560       562
17.580       568
17.600       591
17.620       578
17.640       565
17.660       581
17.680       578
17.700       573
17.720       591
17.740       615
17.760       613
17.780       595
17.800       592
17.820       587
17.840       613
17.860       625
17.880       589
17.900       593
17.920       608
17.940       618
17.960       620
17.980       610
18.000       614
18.020       612
18.040       595
18.060       575
18.080       598
18.100       613
18.120       602
18.140       598
18.160       600
18.180       615
18.200       632
18.220       638
18.240       623
18.260       602
18.280       612
18.300       608
18.320       597
18.340       638
18.360       611
18.380       593
18.400       625
18.420       625
18.440       652
18.460       653
18.480       625
18.500       612
18.520       615
18.540       628
18.560       642
18.580       617
18.600       594
18.620       638
18.640       658
18.660       652
18.680       651
18.700       633
18.720       622
18.740       638
18.760       659
18.780       633
18.800       592
18.820       595
18.840       632
18.860       628
18.880       605
18.900       595
18.920       597
18.940       639
18.960       660
18.980       648
19.000       641
19.020       623
19.040       625
19.060       633
19.080       636
19.100       642
19.120       628
19.140       625
19.160       623
19.180       623
19.200       645
19.220       651
19.240       638
19.260       632
19.280       646
19.300       650
19.320       626
19.340       591
19.360       600
19.380       619
19.400       642
19.420       640
19.440       648
19.460       633
19.480       607
19.500       610
19.520       595
19.540       603
19.560       609
19.580       623
19.600       641
19.620       623
19.640       607
19.660       618
19.680       593
19.700       585
19.720       592
19.740       591
19.760       604
19.780       627
19.800       635
19.820       618
19.840       600
19.860       597
19.880       612
19.900       613
19.920       610
19.940       608
19.960       613
19.980       623
20.000       596
20.020       577
20.040       552
20.060       565
20.080       600
20.100       593
20.120       608
20.140       595
20.160       572
20.180       588
20.200       608
20.220       598
20.240       588
20.260       613
20.280       608
20.300       568
20.320       589
20.340       618
20.360       594
20.380       577
20.400       565
20.420       577
20.440       594
20.460       582
20.480       582
20.500       582
20.520       601
20.540       605
20.560       598
20.580       594
20.600       597
20.620       576
20.640       543
20.660       558
20.680       557
20.700       573
20.720       578
20.740       583
20.760       587
20.780       580
20.800       585
20.820       550
20.840       528
20.860       538
20.880       527
20.900       517
20.920       530
20.940       546
20.960       541
20.980       546
21.000       538
21.020       544
21.040       547
21.060       530
21.080       557
21.100       558
21.120       548
21.140       554
21.160       539
21.180       525
21.200       532
21.220       537
21.240       537
21.260       543
21.280       526
21.300       538
21.320       560
21.340       530
21.360       529
21.380       542
21.400       547
21.420       553
21.440       533
21.460       506
21.480       518
21.500       513
21.520       482
21.540       503
21.560       504
21.580       518
21.600       518
21.620       503
21.640       522
21.660       520
21.680       523
21.700       520
21.720       506
21.740       517
21.760       515
21.780       518
21.800       523
21.820       510
21.840       502
21.860       502
21.880       505
21.900       484
21.920       473
21.940       500
21.960       512
21.980       507
22.000       508
22.020       499
22.040       491
22.060       482
22.080       487
22.100       493
22.120       495
22.140       498
22.160       481
22.180       457
22.200       482
22.220       481
22.240       462
22.260       478
22.280       487
22.300       487
22.320       478
22.340       499
22.360       510
22.380       498
22.400       482
22.420       455
22.440       450
22.460       475
22.480       482
22.500       452
22.520       448
22.540       475
22.560       480
22.580       462
22.600       465
22.620       468
22.640       457
22.660       468
22.680       467
22.700       443
22.720       443
22.740       461
22.760       472
22.780       483
22.800       447
22.820       427
22.840       443
22.860       424
22.880       392
22.900       399
22.920       428
22.940       435
22.960       435
22.980       415
23.000       422
23.020       422
23.040       413
23.060       447
23.080       443
23.100       424
23.120       434
23.140       442
23.160       433
23.180       416
23.200       415
23.220       420
23.240       422
23.260       424
23.280       423
23.300       423
23.320       429
23.340       429
23.360       419
23.380       415
23.400       425
23.420       415
23.440       402
23.460       410
23.480       410
23.500       391
23.520       392
23.540       395
23.560       400
23.580       399
23.600       390
23.620       402
23.640       400
23.660       394
23.680       400
23.700       403
23.720       386
23.740       377
23.760       380
23.780       383
23.800       385
23.820       378
23.840       380
23.860       397
23.880       400
23.900       392
23.920       387
23.940       383
23.960       385
23.980       390
24.000       399
24.020       380
24.040       373
24.060       400
24.080       385
24.100       357
24.120       372
24.140       388
24.160       377
24.180       360
24.200       358
24.220       365
24.240       372
24.260       354
24.280       357
24.300       368
24.320       357
24.340       348
24.360       352
24.380       367
24.400       360
24.420       352
24.440       367
24.460       362
24.480       350
24.500       372
24.520       377
24.540       361
24.560       355
24.580       342
24.600       347
24.620       360
24.640       351
24.660       333
24.680       342
24.700       352
24.720       340
24.740       333
24.760       343
24.780       360
24.800       350
24.820       348
24.840       356
24.860       338
24.880       327
24.900       334
24.920       345
24.940       362
24.960       358
24.980       344
25.000       358
25.020       357
25.040       346
25.060       368
25.080       370
25.100       345
25.120       325
25.140       320
25.160       338
25.180       338
25.200       325
25.220       318
25.240       319
25.260       320
25.280       312
25.300       290
25.320       288
25.340       295
25.360       300
25.380       317
25.400       305
25.420       302
25.440       308
25.460       298
25.480       293
25.500       283
25.520       294
25.540       301
25.560       298
25.580       307
25.600       292
25.620       298
25.640       313
25.660       297
25.680       288
25.700       288
25.720       287
25.740       292
25.760       292
25.780       302
25.800       303
25.820       280
25.840       276
25.860       285
25.880       283
25.900       288
25.920       290
25.940       288
25.960       316
25.980       310
26.000       268
26.020       283
26.040       302
26.060       287
26.080       282
26.100       263
26.120       247
26.140       263
26.160       283
26.180       293
26.200       278
26.220       283
26.240       293
26.260       285
26.280       282
26.300       275
26.320       283
26.340       274
26.360       270
26.380       266
26.400       267
26.420       277
26.440       275
26.460       282
26.480       277
26.500       268
26.520       264
26.540       265
26.560       268
26.580       263
26.600       251
26.620       240
26.640       240
26.660       253
26.680       275
26.700       274
26.720       257
26.740       258
26.760       248
26.780       244
26.800       250
26.820       254
26.840       250
26.860       248
26.880       243
26.900       233
26.920       238
26.940       240
26.960       242
26.980       237
27.000       243
27.020       256
27.040       240
27.060       235
27.080       256
27.100       247
27.120       237
27.140       233
27.160       232
27.180       233
27.200       237
27.220       238
27.240       238
27.260       248
27.280       247
27.300       240
27.320       237
27.340       232
27.360       228
27.380       240
27.400       242
27.420       238
27.440       232
27.460       226
27.480       223
27.500       222
27.520       231
27.540       230
27.560       223
27.580       215
27.600       228
27.620       238
27.640       226
27.660       227
27.680       233
27.700       225
27.720       227
27.740       233
27.760       215
27.780       227
27.800       241
27.820       230
27.840       231
27.860       243
27.880       243
27.900       225
27.920       220
27.940       220
27.960       207
27.980       203
28.000       210
28.020       228
28.040       228
28.060       207
28.080       212
28.100       232
28.120       227
28.140       208
28.160       200
28.180       193
28.200       209
28.220       227
28.240       213
28.260       212
28.280       207
28.300       197
28.320       207
28.340       223
28.360       227
28.380       222
28.400       220
28.420       207
28.440       218
28.460       228
28.480       213
28.500       207
28.520       213
28.540       226
28.560       218
28.580       210
28.600       215
28.620       217
28.640       217
28.660       207
28.680       208
28.700       212
28.720       207
28.740       207
28.760       208
28.780       200
28.800       198
28.820       198
28.840       193
28.860       197
28.880       188
28.900       190
28.920       200
28.940       200
28.960       193
28.980       198
29.000       199
29.020       208
29.040       218
29.060       202
29.080       197
29.100       188
29.120       192
29.140       217
29.160       208
29.180       187
29.200       195
29.220       205
29.240       203
29.260       202
29.280       195
29.300       195
29.320       194
29.340       185
29.360       180
29.380       182
29.400       193
29.420       212
29.440       216
29.460       210
29.480       211
29.500       198
29.520       200
29.540       207
29.560       197
29.580       188
29.600       180
29.620       178
29.640       190
29.660       203
29.680       197
29.700       194
29.720       194
29.740       198
29.760       192
29.780       188
29.800       186
29.820       173
29.840       172
29.860       170
29.880       167
29.900       172
29.920       177
29.940       187
29.960       190
29.980       187
30.000       178
30.020       173
30.040       168
30.060       165
30.080       185
30.100       195
30.120       189
30.140       179
30.160       173
30.180       180
30.200       181
30.220       169
30.240       188
30.260       207
30.280       194
30.300       179
30.320       167
30.340       181
30.360       182
30.380       165
30.400       180
30.420       188
30.440       178
30.460       180
30.480       193
30.500       191
30.520       188
30.540       183
30.560       175
30.580       172
30.600       182
30.620       183
30.640       173
30.660       182
30.680       193
30.700       178
30.720       162
30.740       173
30.760       193
30.780       193
30.800       180
30.820       177
30.840       170
30.860       168
30.880       167
30.900       167
30.920       176
30.940       178
30.960       165
30.980       149
31.000       165
31.020       172
31.040       166
31.060       175
31.080       179
31.100       180
31.120       165
31.140       165
31.160       173
31.180       158
31.200       163
31.220       170
31.240       168
31.260       169
31.280       173
31.300       170
31.320       158
31.340       164
31.360       180
31.380       177
31.400       168
31.420       158
31.440       157
31.460       153
31.480       151
31.500       167
31.520       170
31.540       167
31.560       165
31.580       172
31.600       176
31.620       170
31.640       155
31.660       155
31.680       175
31.700       171
31.720       145
31.740       148
31.760       165
31.780       167
31.800       157
31.820       145
31.840       157
31.860       161
31.880       155
31.900       155
31.920       147
31.940       150
31.960       160
31.980       158
32.000       150
32.020       146
32.040       157
32.060       157
32.080       153
32.100       150
32.120       150
32.140       163
32.160       165
32.180       159
32.200       158
32.220       158
32.240       167
32.260       167
32.280       153
32.300       154
32.320       148
32.340       145
32.360       143
32.380       144
32.400       145
32.420       152
32.440       171
32.460       162
32.480       153
32.500       160
32.520       156
32.540       143
32.560       148
32.580       157
32.600       163
32.620       149
32.640       139
32.660       151
32.680       157
32.700       153
32.720       153
32.740       160
32.760       153
32.780       152
32.800       152
32.820       148
32.840       152
32.860       145
32.880       143
32.900       150
32.920       144
32.940       138
32.960       145
32.980       155
33.000       148
33.020       153
33.040       153
33.060       144
33.080       148
33.100       140
33.120       138
33.140       142
33.160       152
33.180       152
33.200       143
33.220       148
33.240       144
33.260       145
33.280       148
33.300       137
33.320       130
33.340       138
33.360       145
33.380       140
33.400       144
33.420       148
33.440       147
33.460       145
33.480       138
33.500       138
33.520       128
33.540       140
33.560       150
33.580       146
33.600       155
33.620       144
33.640       135
33.660       145
33.680       147
33.700       143
33.720       150
33.740       155
33.760       147
33.780       128
33.800       123
33.820       133
33.840       145
33.860       148
33.880       138
33.900       137
33.920       138
33.940       143
33.960       153
33.980       146
34.000       138
34.020       147
34.040       141
34.060       123
34.080       131
34.100       150
34.120       157
34.140       143
34.160       127
34.180       133
34.200       147
34.220       138
34.240       138
34.260       145
34.280       136
34.300       143
34.320       150
34.340       152
34.360       138
34.380       138
34.400       148
34.420       136
34.440       133
34.460       137
34.480       147
34.500       151
34.520       145
34.540       140
34.560       134
34.580       143
34.600       137
34.620       128
34.640       137
34.660       133
34.680       128
34.700       136
34.720       135
34.740       143
34.760       142
34.780       137
34.800       142
34.820       143
34.840       145
34.860       140
34.880       138
34.900       133
34.920       135
34.940       128
34.960       130
34.980       145
35.000       145
35.020       143
35.040       136
35.060       136
35.080       139
35.100       126
35.120       128
35.140       143
35.160       148
35.180       147
35.200       138
35.220       138
35.240       140
35.260       140
35.280       132
35.300       127
35.320       133
35.340       128
35.360       132
35.380       133
35.400       130
35.420       135
35.440       138
35.460       133
35.480       136
35.500       154
35.520       150
35.540       137
35.560       132
35.580       133
35.600       133
35.620       134
35.640       135
35.660       135
35.680       141
35.700       145
35.720       138
35.740       127
35.760       128
35.780       129
35.800       130
35.820       131
35.840       136
35.860       140
35.880       138
35.900       135
35.920       133
35.940       133
35.960       130
35.980       128
36.000       127
36.020       120
36.040       121
36.060       128
36.080       130
36.100       123
36.120       129
36.140       142
36.160       130
36.180       127
36.200       148
36.220       145
36.240       120
36.260       123
36.280       118
36.300       109
36.320       119
36.340       128
36.360       132
36.380       130
36.400       140
36.420       148
36.440       133
36.460       120
36.480       125
36.500       133
36.520       140
36.540       135
36.560       122
36.580       125
36.600       131
36.620       133
36.640       136
36.660       133
36.680       125
36.700       130
36.720       133
36.740       125
36.760       120
36.780       127
36.800       127
36.820       128
36.840       125
36.860       122
36.880       127
36.900       133
36.920       134
36.940       128
36.960       133
36.980       134
37.000       127
37.020       127
37.040       130
37.060       137
37.080       132
37.100       123
37.120       122
37.140       123
37.160       128
37.180       121
37.200       128
37.220       143
37.240       138
37.260       128
37.280       131
37.300       138
37.320       133
37.340       130
37.360       129
37.380       130
37.400       145
37.420       137
37.440       120
37.460       117
37.480       121
37.500       130
37.520       123
37.540       115
37.560       115
37.580       123
37.600       128
37.620       129
37.640       135
37.660       137
37.680       135
37.700       132
37.720       143
37.740       145
37.760       133
37.780       132
37.800       128
37.820       120
37.840       118
37.860       117
37.880       130
37.900       132
37.920       122
37.940       128
37.960       128
37.980       132
38.000       137
38.020       135
38.040       123
38.060       116
38.080       115
38.100       123
38.120       135
38.140       129
38.160       128
38.180       122
38.200       124
38.220       127
38.240       123
38.260       133
38.280       132
38.300       122
38.320       127
38.340       132
38.360       128
38.380       123
38.400       122
38.420       128
38.440       120
38.460       118
38.480       128
38.500       132
38.520       122
38.540       113
38.560       118
38.580       123
38.600       117
38.620       123
38.640       133
38.660       123
38.680       121
38.700       118
38.720       112
38.740       117
38.760       113
38.780       114
38.800       136
38.820       137
38.840       131
38.860       129
38.880       117
38.900       113
38.920       128
38.940       133
38.960       126
38.980       124
39.000       118
39.020       113
39.040       118
39.060       123
39.080       125
39.100       120
39.120       118
39.140       122
39.160       117
39.180       113
39.200       111
39.220       121
39.240       132
39.260       130
39.280       123
39.300       128
39.320       132
39.340       120
39.360       118
39.380       120
39.400       113
39.420       108
39.440       117
39.460       120
39.480       122
39.500       120
39.520       105
39.540       107
39.560       120
39.580       122
39.600       110
39.620       105
39.640       114
39.660       125
39.680       130
39.700       131
39.720       128
39.740       118
39.760       120
39.780       119
39.800       112
39.820       116
39.840       118
39.860       123
39.880       122
39.900       116
39.920       123
39.940       130
39.960       122
39.980       114
40.000       125
40.020       125
40.040       122
40.060       122
40.080       115
40.100       115
40.120       121
40.140       117
40.160       113
40.180       117
40.200       113
40.220       113
40.240       116
40.260       115
40.280       115
40.300       118
40.320       125
40.340       128
40.360       120
40.380       108
40.400       100
40.420       107
40.440       127
40.460       132
40.480       120
40.500       113
40.520       121
40.540       112
40.560       110
40.580       122
40.600       113
40.620       112
40.640       117
40.660       118
40.680       122
40.700       116
40.720       108
40.740       113
40.760       117
40.780       120
40.800       118
40.820       113
40.840       117
40.860       120
40.880       116
40.900       107
40.920       106
40.940       120
40.960       123
40.980       119
41.000       116
41.020       110
41.040       115
41.060       118
41.080       118
41.100       121
41.120       116
41.140       118
41.160       127
41.180       127
41.200       123
41.220       132
41.240       137
41.260       125
41.280       115
41.300       113
41.320       125
41.340       126
41.360       113
41.380       115
41.400       123
41.420       122
41.440       128
41.460       123
41.480       115
41.500       119
41.520       117
41.540       113
41.560       118
41.580       115
41.600       110
41.620       109
41.640       112
41.660       118
41.680       110
41.700       108
41.720       107
41.740       106
41.760       106
41.780       108
41.800       105
41.820        93
41.840       108
41.860       117
41.880       115
41.900       133
41.920       123
41.940       103
41.960       105
41.980       110
42.000       111
42.020       107
42.040       115
42.060       113
42.080       108
42.100       119
42.120       110
42.140       100
42.160       101
42.180       107
42.200       106
42.220       112
42.240       113
42.260       102
42.280       102
42.300       103
42.320       106
42.340       100
42.360       108
42.380       115
42.400       105
42.420        98
42.440       103
42.460       113
42.480       116
42.500       108
42.520       108
42.540       111
42.560       108
42.580       110
42.600       115
42.620       106
42.640       100
42.660       102
42.680       107
42.700       113
42.720       105
42.740        92
42.760        93
42.780       110
42.800       113
42.820       105
42.840       118
42.860       110
42.880       101
42.900       107
42.920       104
42.940       110
42.960       108
42.980       113
43.000       116
43.020       102
43.040        95
43.060        99
43.080       105
43.100       110
43.120       108
43.140       110
43.160       112
43.180       103
43.200       106
43.220       117
43.240       113
43.260       107
43.280       103
43.300       105
43.320       105
43.340       108
43.360       116
43.380       105
43.400       102
43.420       102
43.440        98
43.460        98
43.480       104
43.500       107
43.520       102
43.540       111
43.560       118
43.580       112
43.600       104
43.620       102
43.640       108
43.660       105
43.680       102
43.700       109
43.720       108
43.740        98
43.760       100
43.780        98
43.800        98
43.820       103
43.840       108
43.860       113
43.880       113
43.900       110
43.920       102
43.940        95
43.960        91
43.980        95
44.000        93
44.020        92
44.040       108
44.060       100
44.080        91
44.100        95
44.120       107
44.140       108
44.160        98
44.180       105
44.200       113
44.220       113
44.240       105
44.260       104
44.280       112
44.300       103
44.320       100
44.340       108
44.360       110
44.380        97
44.400        93
44.420        98
44.440       104
44.460       112
44.480       108
44.500       106
44.520       103
44.540       100
44.560        92
44.580        97
44.600       105
44.620       100
44.640       100
44.660       103
44.680       102
44.700       102
44.720       110
44.740       108
44.760        95
44.780       100
44.800       105
44.820       107
44.840       100
44.860        87
44.880        88
44.900        95
44.920       100
44.940        93
44.960        88
44.980        97
45.000        93
45.020        97
45.040        98
45.060        97
45.080        93
45.100        88
45.120        93
45.140        90
45.160        90
45.180        98
45.200       106
45.220       100
45.240        93
45.260        93
45.280        94
45.300       102
45.320       112
45.340       108
45.360        97
45.380        93
45.400        95
45.420        93
45.440        93
45.460        97
45.480        97
45.500        95
45.520        93
45.540        93
45.560        88
45.580        88
45.600        91
45.620        88
45.640        93
45.660        92
45.680        98
45.700       107
45.720        97
45.740       100
45.760       101
45.780        93
45.800        93
45.820        90
45.840        85
45.860        96
45.880        96
45.900        88
45.920       105
45.940       108
45.960        96
45.980        95
46.000        97
46.020        93
46.040        87
46.060        85
46.080        82
46.100        85
46.120        87
46.140        96
46.160        93
46.180        88
46.200        97
46.220        91
46.240        93
46.260        90
46.280        88
46.300       102
46.320        97
46.340        90
46.360        84
46.380        85
46.400        97
46.420        93
46.440        93
46.460        88
46.480        82
46.500        93
46.520        95
46.540        92
46.560        99
46.580       102
46.600        92
46.620        86
46.640        96
46.660        92
46.680        83
46.700        93
46.720       108
46.740       102
46.760        86
46.780        89
46.800        93
46.820        95
46.840        83
46.860        73
46.880        77
46.900        83
46.920        86
46.940        82
46.960        88
46.980        94
47.000        81
47.020        82
47.040        90
47.060        85
47.080        79
47.100        85
47.120        90
47.140        90
47.160        97
47.180        92
47.200        88
47.220        93
47.240        95
47.260        93
47.280        88
47.300        88
47.320        88
47.340        85
47.360        87
47.380        93
47.400        93
47.420        82
47.440        75
47.460        88
47.480        96
47.500        94
47.520        89
47.540        77
47.560        82
47.580        98
47.600        92
47.620        88
47.640        87
47.660        90
47.680        92
47.700        76
47.720        82
47.740        87
47.760        72
47.780        78
47.800        88
47.820        90
47.840        88
47.860        80
47.880        80
47.900        84
47.920        78
47.940        70
47.960        77
47.980        77
48.000        80
48.020        85
48.040        87
48.060        86
48.080        87
48.100        92
48.120        86
48.140        82
48.160        82
48.180        89
48.200        90
48.220        87
48.240        90
48.260        85
48.280        78
48.300        78
48.320        82
48.340        87
48.360        83
48.380        78
48.400        78
48.420        82
48.440        77
48.460        80
48.480        85
48.500        87
48.520        83
48.540        72
48.560        76
48.580        93
48.600       100
48.620        93
48.640        92
48.660        94
48.680        87
48.700        87
48.720        97
48.740        91
48.760        78
48.780        76
48.800        77
48.820        67
48.840        63
48.860        74
48.880        80
48.900        80
48.920        77
48.940        82
48.960        82
48.980        82
49.000        85
49.020        75
49.040        75
49.060        79
49.080        78
49.100        73
49.120        77
49.140        83
49.160        80
49.180        80
49.200        82
49.220        76
49.240        75
49.260        88
49.280        91
49.300        83
49.320        77
49.340        67
49.360        71
49.380        77
49.400        74
49.420        70
49.440        70
49.460        69
49.480        68
49.500        78
49.520        93
49.540        88
49.560        72
49.580        78
49.600        86
49.620        87
49.640        87
49.660        90
49.680        90
49.700        82
49.720        82
49.740        80
49.760        73
49.780        73
49.800        78
49.820        78
49.840        80
49.860        82
49.880        80
49.900        81
49.920        80
49.940        83
49.960        90
49.980        83
50.000        75
